2024-07-17_17-25-03.jpeg 31.8272288 118.7708645 44.7200012
2024-07-17_17-25-05.jpeg 31.8271538 118.7708688 44.8499985
2024-07-17_17-25-06.jpeg 31.8270792 118.7708773 44.8199997
2024-07-17_17-25-08.jpeg 31.8270072 118.7708842 44.8400002
2024-07-17_17-25-10.jpeg 31.8269343 118.7708894 44.8499985
2024-07-17_17-25-11.jpeg 31.8268610 118.7708933 44.8499985
2024-07-17_17-25-13.jpeg 31.8267888 118.7708970 44.8300018
2024-07-17_17-25-14.jpeg 31.8267170 118.7709007 44.8199997
2024-07-17_17-25-16.jpeg 31.8266411 118.7709039 44.8400002
2024-07-17_17-25-18.jpeg 31.8265681 118.7709097 44.8400002
2024-07-17_17-25-19.jpeg 31.8264957 118.7709145 44.8400002
2024-07-17_17-25-21.jpeg 31.8264200 118.7709194 44.8400002
2024-07-17_17-25-23.jpeg 31.8263474 118.7709235 44.8499985
2024-07-17_17-25-24.jpeg 31.8262746 118.7709260 44.8300018
2024-07-17_17-25-30.jpeg 31.8263374 118.7708799 44.9000015
2024-07-17_17-25-31.jpeg 31.8264103 118.7708513 44.8899994
2024-07-17_17-25-32.jpeg 31.8264846 118.7708226 44.8699989
2024-07-17_17-25-33.jpeg 31.8265536 118.7707963 44.8600006
2024-07-17_17-25-34.jpeg 31.8266228 118.7707694 44.8300018
2024-07-17_17-25-35.jpeg 31.8266919 118.7707420 44.8400002
2024-07-17_17-25-36.jpeg 31.8267605 118.7707144 44.8199997
2024-07-17_17-25-37.jpeg 31.8268290 118.7706868 44.8300018
2024-07-17_17-25-38.jpeg 31.8268976 118.7706594 44.8300018
2024-07-17_17-25-39.jpeg 31.8269659 118.7706323 44.8300018
2024-07-17_17-25-40.jpeg 31.8270343 118.7706054 44.8300018
2024-07-17_17-25-41.jpeg 31.8271026 118.7705780 44.8400002
2024-07-17_17-25-42.jpeg 31.8271709 118.7705507 44.8499985
2024-07-17_17-25-43.jpeg 31.8272458 118.7705211 44.8400002
2024-07-17_17-25-44.jpeg 31.8273202 118.7704906 44.8199997
2024-07-17_17-25-45.jpeg 31.8273884 118.7704626 44.8199997
2024-07-17_17-25-46.jpeg 31.8274573 118.7704352 44.8400002
2024-07-17_17-25-47.jpeg 31.8275254 118.7704078 44.8400002
2024-07-17_17-25-49.jpeg 31.8275989 118.7703788 44.8100014
2024-07-17_17-25-50.jpeg 31.8276692 118.7703505 44.7999992
2024-07-17_17-25-51.jpeg 31.8277394 118.7703222 44.7700005
2024-07-17_17-25-55.jpeg 31.8278026 118.7703646 44.8400002
2024-07-17_17-25-57.jpeg 31.8278261 118.7704487 44.8100014
2024-07-17_17-26-01.jpeg 31.8277988 118.7705277 44.9099998
2024-07-17_17-26-03.jpeg 31.8277256 118.7705571 44.9099998
2024-07-17_17-26-04.jpeg 31.8276532 118.7705859 44.9099998
2024-07-17_17-26-05.jpeg 31.8275795 118.7706149 44.8800011
2024-07-17_17-26-06.jpeg 31.8275104 118.7706419 44.8600006
2024-07-17_17-26-07.jpeg 31.8274414 118.7706694 44.8499985
2024-07-17_17-26-08.jpeg 31.8273725 118.7706969 44.8499985
2024-07-17_17-26-09.jpeg 31.8273044 118.7707241 44.8400002
2024-07-17_17-26-10.jpeg 31.8272360 118.7707510 44.8499985
2024-07-17_17-26-11.jpeg 31.8271677 118.7707780 44.8499985
2024-07-17_17-26-12.jpeg 31.8270931 118.7708083 44.8499985
2024-07-17_17-26-13.jpeg 31.8270250 118.7708360 44.8600006
2024-07-17_17-26-14.jpeg 31.8269563 118.7708636 44.8499985
2024-07-17_17-26-15.jpeg 31.8268878 118.7708905 44.8400002
2024-07-17_17-26-17.jpeg 31.8268130 118.7709205 44.8600006
2024-07-17_17-26-18.jpeg 31.8267446 118.7709478 44.8400002
2024-07-17_17-26-19.jpeg 31.8266696 118.7709769 44.8400002
2024-07-17_17-26-20.jpeg 31.8266011 118.7710038 44.8400002
2024-07-17_17-26-21.jpeg 31.8265329 118.7710314 44.8499985
2024-07-17_17-26-22.jpeg 31.8264594 118.7710609 44.8400002
2024-07-17_17-26-23.jpeg 31.8263893 118.7710890 44.7999992
2024-07-17_17-26-25.jpeg 31.8263212 118.7711170 44.7799988
2024-07-17_17-26-29.jpeg 31.8262944 118.7711965 44.9099998
2024-07-17_17-26-31.jpeg 31.8263165 118.7712807 44.8199997
2024-07-17_17-26-35.jpeg 31.8263853 118.7713141 44.8800011
2024-07-17_17-26-36.jpeg 31.8264545 118.7712842 44.9199982
2024-07-17_17-26-38.jpeg 31.8265288 118.7712546 44.9000015
2024-07-17_17-26-39.jpeg 31.8266036 118.7712245 44.8699989
2024-07-17_17-26-40.jpeg 31.8266728 118.7711964 44.8400002
2024-07-17_17-26-41.jpeg 31.8267421 118.7711682 44.8199997
2024-07-17_17-26-42.jpeg 31.8268109 118.7711404 44.7999992
2024-07-17_17-26-43.jpeg 31.8268791 118.7711128 44.8100014
2024-07-17_17-26-44.jpeg 31.8269477 118.7710856 44.8400002
2024-07-17_17-26-45.jpeg 31.8270163 118.7710585 44.8300018
2024-07-17_17-26-46.jpeg 31.8270911 118.7710288 44.8199997
2024-07-17_17-26-47.jpeg 31.8271659 118.7709988 44.8199997
2024-07-17_17-26-48.jpeg 31.8272340 118.7709716 44.8100014
2024-07-17_17-26-49.jpeg 31.8273025 118.7709449 44.8199997
2024-07-17_17-26-50.jpeg 31.8273706 118.7709176 44.8400002
2024-07-17_17-26-51.jpeg 31.8274449 118.7708872 44.8400002
2024-07-17_17-26-52.jpeg 31.8275196 118.7708570 44.8300018
2024-07-17_17-26-53.jpeg 31.8275884 118.7708299 44.8300018
2024-07-17_17-26-54.jpeg 31.8276568 118.7708028 44.8300018
2024-07-17_17-26-55.jpeg 31.8277290 118.7707739 44.8199997
2024-07-17_17-26-57.jpeg 31.8278012 118.7707448 44.7900009
2024-07-17_17-26-58.jpeg 31.8278714 118.7707158 44.7700005
2024-07-17_17-27-02.jpeg 31.8279198 118.7707821 44.8600006
2024-07-17_17-27-04.jpeg 31.8279426 118.7708649 44.7900009
2024-07-17_17-27-08.jpeg 31.8279016 118.7709348 44.9099998
2024-07-17_17-27-10.jpeg 31.8278332 118.7709621 44.9099998
2024-07-17_17-27-11.jpeg 31.8277596 118.7709911 44.9300003
2024-07-17_17-27-12.jpeg 31.8276852 118.7710194 44.8699989
2024-07-17_17-27-13.jpeg 31.8276164 118.7710460 44.8600006
2024-07-17_17-27-14.jpeg 31.8275476 118.7710734 44.8499985
2024-07-17_17-27-15.jpeg 31.8274791 118.7711010 44.8400002
2024-07-17_17-27-16.jpeg 31.8274108 118.7711279 44.8600006
2024-07-17_17-27-17.jpeg 31.8273425 118.7711550 44.8600006
2024-07-17_17-27-18.jpeg 31.8272742 118.7711829 44.8600006
2024-07-17_17-27-19.jpeg 31.8271995 118.7712132 44.8699989
2024-07-17_17-27-20.jpeg 31.8271246 118.7712424 44.8699989
2024-07-17_17-27-21.jpeg 31.8270554 118.7712696 44.8499985
2024-07-17_17-27-22.jpeg 31.8269870 118.7712979 44.8199997
2024-07-17_17-27-23.jpeg 31.8269123 118.7713276 44.8499985
2024-07-17_17-27-24.jpeg 31.8268377 118.7713566 44.8300018
2024-07-17_17-27-25.jpeg 31.8267694 118.7713841 44.8499985
2024-07-17_17-27-26.jpeg 31.8267012 118.7714115 44.8600006
2024-07-17_17-27-27.jpeg 31.8266329 118.7714385 44.8499985
2024-07-17_17-27-28.jpeg 31.8265595 118.7714676 44.8400002
2024-07-17_17-27-30.jpeg 31.8264893 118.7714956 44.8199997
2024-07-17_17-27-31.jpeg 31.8264185 118.7715241 44.8100014
2024-07-17_17-27-35.jpeg 31.8263979 118.7716079 44.8899994
2024-07-17_17-27-37.jpeg 31.8264183 118.7716911 44.7900009
2024-07-17_17-27-42.jpeg 31.8264873 118.7717200 44.8800011
2024-07-17_17-27-43.jpeg 31.8265573 118.7716900 44.9000015
2024-07-17_17-27-44.jpeg 31.8266254 118.7716627 44.8800011
2024-07-17_17-27-45.jpeg 31.8266937 118.7716348 44.8600006
2024-07-17_17-27-46.jpeg 31.8267628 118.7716062 44.8400002
2024-07-17_17-27-47.jpeg 31.8268317 118.7715784 44.8199997
2024-07-17_17-27-48.jpeg 31.8269006 118.7715514 44.8199997
2024-07-17_17-27-49.jpeg 31.8269691 118.7715239 44.8199997
2024-07-17_17-27-50.jpeg 31.8270437 118.7714938 44.7999992
2024-07-17_17-27-51.jpeg 31.8271182 118.7714640 44.8199997
2024-07-17_17-27-52.jpeg 31.8271867 118.7714367 44.8300018
2024-07-17_17-27-53.jpeg 31.8272553 118.7714097 44.8199997
2024-07-17_17-27-54.jpeg 31.8273235 118.7713824 44.8199997
2024-07-17_17-27-55.jpeg 31.8273917 118.7713551 44.8400002
2024-07-17_17-27-56.jpeg 31.8274598 118.7713279 44.8300018
2024-07-17_17-27-57.jpeg 31.8275282 118.7713006 44.8300018
2024-07-17_17-27-58.jpeg 31.8275966 118.7712729 44.8300018
2024-07-17_17-27-59.jpeg 31.8276646 118.7712454 44.8300018
2024-07-17_17-28-00.jpeg 31.8277394 118.7712157 44.8199997
2024-07-17_17-28-02.jpeg 31.8278133 118.7711867 44.8199997
2024-07-17_17-28-03.jpeg 31.8278855 118.7711576 44.7900009
2024-07-17_17-28-04.jpeg 31.8279546 118.7711288 44.7700005
