2024-07-17_17-25-03.jpeg, 0.734856, -8.16022, 30.1328
2024-07-17_17-25-05.jpeg, 1.01747, -16.6595, 30.2827
2024-07-17_17-25-06.jpeg, 1.65908, -24.9705, 30.2496
2024-07-17_17-25-08.jpeg, 2.3135, -32.9477, 30.2754
2024-07-17_17-25-10.jpeg, 2.81001, -41.0347, 30.2829
2024-07-17_17-25-11.jpeg, 3.17699, -49.167, 30.2785
2024-07-17_17-25-13.jpeg, 3.52878, -57.1702, 30.261
2024-07-17_17-25-14.jpeg, 3.8708, -65.1322, 30.2494
2024-07-17_17-25-16.jpeg, 4.17686, -73.5472, 30.2708
2024-07-17_17-25-18.jpeg, 4.72758, -81.646, 30.2672
2024-07-17_17-25-19.jpeg, 5.18278, -89.6739, 30.2673
2024-07-17_17-25-21.jpeg, 5.64582, -98.0674, 30.2675
2024-07-17_17-25-23.jpeg, 5.93676, -106.086, 30.2728
2024-07-17_17-25-24.jpeg, 6.04971, -114.007, 30.233
2024-07-17_17-25-30.jpeg, 1.9191, -106.793, 30.3559
2024-07-17_17-25-31.jpeg, -0.790829, -98.6859, 30.328
2024-07-17_17-25-32.jpeg, -3.50881, -90.4408, 30.3026
2024-07-17_17-25-33.jpeg, -5.99691, -82.787, 30.2904
2024-07-17_17-25-34.jpeg, -8.54374, -75.112, 30.2589
2024-07-17_17-25-35.jpeg, -11.138, -67.449, 30.2682
2024-07-17_17-25-36.jpeg, -13.7529, -59.8429, 30.2486
2024-07-17_17-25-37.jpeg, -16.365, -52.2458, 30.2574
2024-07-17_17-25-38.jpeg, -18.9601, -44.6387, 30.2569
2024-07-17_17-25-39.jpeg, -21.5231, -37.0648, 30.2568
2024-07-17_17-25-40.jpeg, -24.0703, -29.4785, 30.2551
2024-07-17_17-25-41.jpeg, -26.6649, -21.9058, 30.2657
2024-07-17_17-25-42.jpeg, -29.25, -14.3322, 30.2755
2024-07-17_17-25-43.jpeg, -32.0507, -6.02739, 30.2661
2024-07-17_17-25-44.jpeg, -34.9412, 2.21987, 30.2481
2024-07-17_17-25-45.jpeg, -37.5934, 9.78386, 30.2464
2024-07-17_17-25-46.jpeg, -40.1853, 17.4282, 30.2625
2024-07-17_17-25-47.jpeg, -42.7803, 24.9785, 30.2632
2024-07-17_17-25-49.jpeg, -45.532, 33.1509, 30.2092
2024-07-17_17-25-50.jpeg, -48.2185, 40.9527, 30.1901
2024-07-17_17-25-51.jpeg, -50.8738, 48.7544, 30.14
2024-07-17_17-25-55.jpeg, -46.6175, 55.4959, 30.2769
2024-07-17_17-25-57.jpeg, -38.6112, 58.1119, 30.2007
2024-07-17_17-26-01.jpeg, -31.3888, 54.8561, 30.3681
2024-07-17_17-26-03.jpeg, -28.6002, 46.7497, 30.3747
2024-07-17_17-26-04.jpeg, -25.8702, 38.6976, 30.3577
2024-07-17_17-26-05.jpeg, -23.1216, 30.5197, 30.3231
2024-07-17_17-26-06.jpeg, -20.5649, 22.8518, 30.2983
2024-07-17_17-26-07.jpeg, -17.9598, 15.2022, 30.2895
2024-07-17_17-26-08.jpeg, -15.3563, 7.55685, 30.2849
2024-07-17_17-26-09.jpeg, -12.7823, 0.0111929, 30.2797
2024-07-17_17-26-10.jpeg, -10.2364, -7.57508, 30.2883
2024-07-17_17-26-11.jpeg, -7.68041, -15.1494, 30.2875
2024-07-17_17-26-12.jpeg, -4.81225, -23.419, 30.2896
2024-07-17_17-26-13.jpeg, -2.188, -30.9706, 30.2991
2024-07-17_17-26-14.jpeg, 0.426457, -38.5904, 30.2872
2024-07-17_17-26-15.jpeg, 2.97019, -46.1866, 30.2769
2024-07-17_17-26-17.jpeg, 5.8116, -54.4792, 30.298
2024-07-17_17-26-18.jpeg, 8.39624, -62.0666, 30.2755
2024-07-17_17-26-19.jpeg, 11.1468, -70.3807, 30.2777
2024-07-17_17-26-20.jpeg, 13.6948, -77.9788, 30.2754
2024-07-17_17-26-21.jpeg, 16.3112, -85.5421, 30.2841
2024-07-17_17-26-22.jpeg, 19.1094, -93.7159, 30.2508
2024-07-17_17-26-23.jpeg, 21.7754, -101.5, 30.1972
2024-07-17_17-26-25.jpeg, 24.4558, -109.053, 30.1681
2024-07-17_17-26-29.jpeg, 32.1305, -111.731, 30.3524
2024-07-17_17-26-31.jpeg, 40.1496, -109.242, 30.2082
2024-07-17_17-26-35.jpeg, 43.0274, -101.471, 30.3285
2024-07-17_17-26-36.jpeg, 40.1995, -93.8035, 30.373
2024-07-17_17-26-38.jpeg, 37.3963, -85.5453, 30.3379
2024-07-17_17-26-39.jpeg, 34.5399, -77.2425, 30.3001
2024-07-17_17-26-40.jpeg, 31.8777, -69.5662, 30.2673
2024-07-17_17-26-41.jpeg, 29.2065, -61.8803, 30.2457
2024-07-17_17-26-42.jpeg, 26.5746, -54.2515, 30.2258
2024-07-17_17-26-43.jpeg, 23.9614, -46.6898, 30.2364
2024-07-17_17-26-44.jpeg, 21.3884, -39.0825, 30.2661
2024-07-17_17-26-45.jpeg, 18.8226, -31.4739, 30.2544
2024-07-17_17-26-46.jpeg, 16.0117, -23.1822, 30.2468
2024-07-17_17-26-47.jpeg, 13.1706, -14.8891, 30.2476
2024-07-17_17-26-48.jpeg, 10.5976, -7.33632, 30.2365
2024-07-17_17-26-49.jpeg, 8.0717, 0.260582, 30.2454
2024-07-17_17-26-50.jpeg, 5.48483, 7.80976, 30.2671
2024-07-17_17-26-51.jpeg, 2.60627, 16.0462, 30.2692
2024-07-17_17-26-52.jpeg, -0.253007, 24.3286, 30.2597
2024-07-17_17-26-53.jpeg, -2.81703, 31.9634, 30.2543
2024-07-17_17-26-54.jpeg, -5.38586, 39.5511, 30.2509
2024-07-17_17-26-55.jpeg, -8.13044, 47.5809, 30.2141
2024-07-17_17-26-57.jpeg, -10.8922, 55.5942, 30.1736
2024-07-17_17-26-58.jpeg, -13.5426, 63.3781, 30.1517
2024-07-17_17-27-02.jpeg, -7.08553, 68.4961, 30.2903
2024-07-17_17-27-04.jpeg, 0.79554, 70.9926, 30.1764
2024-07-17_17-27-08.jpeg, 7.15422, 66.2581, 30.37
2024-07-17_17-27-10.jpeg, 9.7441, 58.6758, 30.3712
2024-07-17_17-27-11.jpeg, 12.4949, 50.4982, 30.3792
2024-07-17_17-27-12.jpeg, 15.1749, 42.2378, 30.3109
2024-07-17_17-27-13.jpeg, 17.692, 34.6072, 30.2996
2024-07-17_17-27-14.jpeg, 20.2857, 26.9767, 30.2883
2024-07-17_17-27-15.jpeg, 22.9022, 19.3823, 30.279
2024-07-17_17-27-16.jpeg, 25.4447, 11.8098, 30.3001
2024-07-17_17-27-17.jpeg, 28.0103, 4.23628, 30.3
2024-07-17_17-27-18.jpeg, 30.653, -3.33853, 30.2987
2024-07-17_17-27-19.jpeg, 33.523, -11.6182, 30.3113
2024-07-17_17-27-20.jpeg, 36.2852, -19.924, 30.3111
2024-07-17_17-27-21.jpeg, 38.8585, -27.6047, 30.2849
2024-07-17_17-27-22.jpeg, 41.5441, -35.188, 30.2552
2024-07-17_17-27-23.jpeg, 44.351, -43.4661, 30.2899
2024-07-17_17-27-24.jpeg, 47.0935, -51.7388, 30.2694
2024-07-17_17-27-25.jpeg, 49.7006, -59.3148, 30.2869
2024-07-17_17-27-26.jpeg, 52.2948, -66.875, 30.2985
2024-07-17_17-27-27.jpeg, 54.8495, -74.452, 30.2856
2024-07-17_17-27-28.jpeg, 57.6132, -82.6138, 30.2531
2024-07-17_17-27-30.jpeg, 60.269, -90.4101, 30.2191
2024-07-17_17-27-31.jpeg, 63.003, -98.2607, 30.1999
2024-07-17_17-27-35.jpeg, 71.0858, -100.251, 30.3258
2024-07-17_17-27-37.jpeg, 79.0018, -97.9429, 30.1754
2024-07-17_17-27-42.jpeg, 81.4554, -90.1606, 30.3284
2024-07-17_17-27-43.jpeg, 78.6201, -82.4027, 30.3518
2024-07-17_17-27-44.jpeg, 76.0325, -74.8298, 30.3146
2024-07-17_17-27-45.jpeg, 73.3824, -67.2461, 30.2848
2024-07-17_17-27-46.jpeg, 70.6731, -59.5817, 30.2626
2024-07-17_17-27-47.jpeg, 68.0396, -51.9423, 30.243
2024-07-17_17-27-48.jpeg, 65.4872, -44.3018, 30.243
2024-07-17_17-27-49.jpeg, 62.8813, -36.7041, 30.2407
2024-07-17_17-27-50.jpeg, 60.034, -28.4352, 30.2239
2024-07-17_17-27-51.jpeg, 57.2125, -20.1775, 30.2469
2024-07-17_17-27-52.jpeg, 54.6259, -12.5784, 30.2535
2024-07-17_17-27-53.jpeg, 52.0733, -4.97066, 30.2429
2024-07-17_17-27-54.jpeg, 49.4868, 2.59106, 30.2433
2024-07-17_17-27-55.jpeg, 46.9023, 10.1545, 30.2622
2024-07-17_17-27-56.jpeg, 44.3284, 17.7036, 30.2543
2024-07-17_17-27-57.jpeg, 41.7437, 25.2912, 30.2513
2024-07-17_17-27-58.jpeg, 39.1192, 32.8741, 30.2527
2024-07-17_17-27-59.jpeg, 36.5143, 40.4133, 30.2534
2024-07-17_17-28-00.jpeg, 33.7062, 48.7085, 30.2427
2024-07-17_17-28-02.jpeg, 30.9536, 56.9198, 30.2246
2024-07-17_17-28-03.jpeg, 28.19, 64.9399, 30.1764
2024-07-17_17-28-04.jpeg, 25.4559, 72.611, 30.1428